Cost
Level
Cost
Cooldown
Bonus
Expand
Range
1
100
20.5
117
3.9
27
2
140
21.0
114
4.3
29
3
180
21.5
111
4.7
31
4
220
22.0
108
5.1
33
5
260
22.5
105
5.5
35
6
300
23.0
102
5.9
37
7
340
23.5
99
6.3
39
8
380
24.0
96
6.7
41
9
420
24.5
93
7.1
43
10
460
25.0
90
7.5
45
11
500
25.5
87
7.9
47
12
540
26.0
84
8.3
49
13
580
26.5
81
8.7
51
14
620
27.0
78
9.1
53
15
660
27.5
75
9.5
55
16
700
28.0
9.9
17
740
28.5
10.3
18
780
29.0
10.7
19
820
29.5
11.1
20
860
30.0
11.5
21
900
30.5
11.9
22
940
31.0
12.3
23
980
31.5
12.7
24
1020
32.0
13.1
25
1060
32.5
13.5
26
1100
33.0
13.9
27
1140
33.5
14.3
28
1180
34.0
14.7
29
1220
34.5
15.1
30
1260
35.0
15.5
Total
20400
5700
20400
5700