Cost
Level
Shard
Coin
Total Shard
Expand
Total Coins
1
0
0
0
0
2
7
10,000
14
20,000
11
20
45,000
108
210,000
21
40
120,000
353
810,000
31
75
350,000
838
2,540,000
41
120
1,000,000
1,708
7,440,000
51
180
3,000,000
2,968
19,440,000
61
250
25,000,000
4,838
71,440,000
71
350
100,000,000
7,438
396,440,000
81
500
350,000,000
11,088
1,650,000,000
91
700
350,000,000
16,288
5,150,000,000
101
1,000
8,000,000,000
23,588
16,300,000,000
111
1,300
8,000,000,000
33,888
96,300,000,000
121
1,800
32,000,000,000
47,388
200,300,000,000
131
2,500
32,000,000,000
66,088
520,300,000,000
141
3,000
500,000,000,000
91,588
1,310,000,000,000
151
4,000
500,000,000,000
122,588
6,310,000,000,000
161
5,000
10,000,000,000,000
163,588
20,810,000,000,000
171
6250
510,000,000,000,000
220,463
2.87q
181
7500
1.01q
289,838
10.73q
191
8750
1.51q
371,713
23.57q
201
10,000
2.5q
592,588
41.91q
221
15,000
265q
718,588
2.02Q
241
20,000
1.00Q
1,071,088
144.46Q
261
30,000
106.00Q
1,576,088
804.46Q
281
40,000
411.00Q
2,281,088
5.79s
300
49,500
886.00Q
3,136,088
18.07s